1 1
1 2
1 3
1 4
1 5
1 6
1 7
1 8
1 9
1 10
1 11
1 12
1 13
1 14
1 15
1 16
1 17
1 18
1 19
1 20
1 21
1 22
1 23
1 24
1 25
2 26
2 27
2 28
2 29
2 30
2 31
2 32
2 33
2 34
2 35
2 36
2 37
2 38
2 39
2 40
2 41
2 42
2 43
2 44
2 45
2 46
3 47
3 48
3 49
3 50
3 51
3 52
3 53
3 54
3 55
3 56
3 57
3 58
4 59
4 60
4 61
4 62
4 63
4 64
4 65
4 66
4 67
4 68
4 69
4 70
4 71
4 72
4 73
4 74
4 75
4 76
4 77
4 78
4 79
4 80
4 81
4 82
4 83
4 84
4 85
4 86
5 87
5 88
5 89
5 90
5 91
5 92
5 93
5 94
5 95
5 96
5 97
5 98
5 99
5 100
5 101
5 102
5 103
5 104
5 105
5 106
5 107
5 108
6 109
6 110
6 111
6 112
6 113
6 58
6 114
6 115
7 116
7 117
7 118
7 119
7 120
7 121
7 122
7 123
7 124
7 125
7 126
7 127
7 128
7 129
7 130
7 131
7 132
7 133
7 134
7 135
7 136
8 137
8 138
8 139
8 140
8 141
8 142
8 143
8 144
8 145
8 146
9 147
9 148
9 149
9 150
9 151
9 152
9 153
9 154
9 155
9 156
9 157
9 158
9 159
9 160
9 161
9 162
9 163
9 164
9 165
9 166
9 167
9 168
9 169
9 170
9 171
9 172
9 173
9 174
9 175
9 176
9 177
9 178
9 179
9 180
9 181
9 182
9 183
9 184
9 185
9 186
9 187
9 188
9 189
9 190
9 191
9 192
9 193
9 194
9 195
9 196
9 197
9 198
9 199
9 200
9 201
9 202
9 203
9 204
9 205
9 206
9 207
9 208
9 209
9 210
9 211
9 212
9 213
9 214
9 215
9 216
9 217
9 218
9 219
9 220
9 221
9 222
9 223
9 224
9 225
9 226
9 227
9 228
10 229
10 230
10 231
10 232
10 233
10 234
10 235
10 236
10 237
10 238
10 239
10 240
10 241
10 242
10 243
10 244
10 245
10 246
10 247
10 248
10 249
10 250
11 251
11 252
11 253
11 254
11 255
11 256
11 257
11 258
11 259
11 260
11 261
11 262
11 263
11 264
11 265
11 265
11 266
11 267
11 268
11 269
11 270
11 271
11 272
11 273
11 274
12 275
12 276
12 277
12 278
12 279
12 280
12 281
12 282
12 283
12 284
12 285
12 286
12 287
12 288
12 289
12 290
12 291
12 292
12 293
12 294
12 295
12 296
12 297
12 298
12 299
12 300
13 301
13 302
13 303
13 304
13 305
13 306
13 307
13 308
13 309
13 310
13 311
13 312
13 313
13 314
13 315
13 316
13 317
13 318
13 319
13 320
13 321
13 322
13 323
13 324
13 325
13 325
13 326
13 327
13 328
13 329
13 330
14 331
14 332
14 333
14 334
14 335
14 336
14 337
14 338
14 339
14 340
14 341
14 342
14 343
14 344
14 345
14 346
14 347
14 348
14 349
14 350
14 351
14 352
14 353
14 354
14 355
14 356
14 357
15 358
15 359
15 360
15 361
15 362
15 363
15 364
15 365
15 366
15 367
15 368
15 369
15 370
15 371
15 372
15 373
15 374
15 375
15 376
15 377
15 378
15 379
15 380
15 381
15 382
15 383
15 384
15 385
15 386
15 387
15 388
15 389
15 390
15 391
15 392
16 393
16 394
16 395
16 396
16 397
16 398
16 399
16 400
16 401
16 402
16 403
16 404
16 405
16 405
16 406
16 407
16 408
16 409
16 409
16 410
16 411
16 412
16 413
16 414
16 415
16 416
16 417
16 418
16 419
16 420
16 421
16 422
16 423
16 424
16 425
16 426
16 427
16 428
16 429
16 430
16 431
16 432
16 433
16 434
16 435
16 436
16 437
16 438
16 439
16 440
16 441
16 442
16 443
16 444
16 445
16 446
16 447
16 448
16 449
16 450
16 451
16 452
16 453
16 454
16 455
16 456
16 457
16 458
16 459
16 460
16 461
16 462
16 463
16 464
16 465
16 466
16 467
16 468
16 469
16 470
16 471
16 472
16 473
16 474
16 475
16 476
16 477
16 478
16 479
16 480
16 481
16 482
16 483
16 484
16 485
16 486
16 487
16 488
16 489
16 490
16 491
16 492
16 493
16 494
16 495
16 496
16 497
16 498
16 499
16 500
16 501
16 502
16 503
16 504
16 504
16 505
16 506
16 507
16 508
16 509
16 510
16 511
16 512
16 513
16 514
16 515
16 516
16 517
16 518
16 519
16 520
16 521
16 522
16 523
16 524
16 525
16 526
16 527
16 528
16 529
16 530
16 474
16 531
16 531
16 532
16 533
16 534
16 535
16 536
16 537
16 538
16 539
16 540
16 541
16 542
16 543
16 544
16 545
16 473
16 546
16 547
16 548
16 549
16 550
16 551
16 552
16 553
16 516
16 554
16 555
16 556
16 557
16 558
16 559
16 560
16 561
16 562
16 563
16 564
16 565
16 566
16 567
16 568
16 569
16 570
16 571
16 572
16 573
16 574
16 575
16 576
16 577
16 578
16 579
16 580
16 581
16 582
16 583
16 584
16 585
16 489
16 586
16 488
16 485
16 587
16 588
16 589
16 566
16 590
16 591
16 591
16 592
16 593
16 594
16 595
16 596
16 597
16 598
16 599
16 600
17 601
17 602
17 602
17 603
17 603
17 604
17 605
17 606
17 607
17 608
17 609
17 610
17 611
17 612
17 613
17 614
17 615
17 616
17 617
18 618
18 619
18 620
18 621
18 622
18 623
18 238
18 624
18 625
18 626
18 627
18 628
18 629
18 630
18 631
18 631
18 632
18 633
18 634
18 635
18 636
18 637
18 638
18 639
18 640
18 641
18 642
18 643
18 644
18 645
18 646
18 647
18 648
18 649
18 650
18 651
18 652
18 653
18 654
18 655
18 656
18 657
18 658
18 659
18 660
18 661
18 662
18 663
18 664
18 665
18 666
18 667
18 668
18 669
18 670
18 671
18 672
18 673
18 674
18 675
18 676
18 677
18 678
18 679
18 680
18 681
18 682
18 683
18 684
18 685
18 686
18 687
18 688
18 689
18 690
18 691
18 692
18 693
18 694
18 695
18 696
18 697
18 698
18 699
18 700
18 701
18 702
18 703
18 704
18 705
18 706
18 707
18 708
18 709
18 710
18 711
18 712
18 713
18 714
18 715
18 716
18 717
18 718
18 719
18 720
18 721
18 722
18 723
19 724
19 725
19 726
19 727
19 728
19 729
19 730
19 731
19 732
19 733
19 734
19 735
19 736
19 737
19 738
19 739
19 740
19 741
19 742
19 743
19 744
19 745
19 746
19 747
19 748
19 749
19 750
19 751
19 752
19 753
19 754
19 755
19 756
19 757
19 758
19 759
19 760
19 761
19 762
19 763
19 764
19 765
19 766
19 767
19 768
19 757
19 769
19 770
19 771
19 772
19 773
19 774
19 775
19 776
19 777
19 778
19 779
19 780
19 781
19 782
19 783
20 784
20 785
20 786
20 787
20 788
20 789
20 790
20 791
20 792
20 793
20 794
20 795
20 796
20 797
20 798
20 799
20 800
20 801
20 802
20 803
20 804
20 805
21 806
21 807
21 808
21 809
21 810
21 811
21 812
21 813
21 814
21 815
21 816
21 817
21 818
21 819
21 820
22 821
22 822
22 823
22 824
22 825
22 826
22 827
22 828
22 829
22 830
22 831
22 832
23 833
23 834
23 835
23 835
23 836
23 837
23 838
23 839
23 840
23 841
23 842
23 843
24 844
24 845
24 846
24 847
24 848
24 849
24 850
24 851
24 852
24 853
24 854
24 855
24 856
24 857
24 858
25 859
25 860
25 861
25 862
25 863
25 864
25 865
25 866
25 302
25 867
25 868
25 869
25 870
25 871
25 872
25 873
25 874
25 875
25 876
25 877
25 878
26 879
26 880
26 881
26 882
26 883
26 884
26 885
26 886
26 887
26 888
26 889
26 890
26 891
26 892
26 893
26 894
26 895
26 896
26 897
26 898
26 37
26 899
26 293
26 900
26 901
26 902
26 903
26 904
26 905
26 906
26 907
26 908
26 909
26 910
26 911
26 912
26 913
26 914
26 915
26 916
26 917
26 918
26 919
26 920
27 921
27 922
27 923
27 924
27 925
27 926
27 927
27 928
27 929
27 930
27 931
27 932
27 933
27 934
27 935
27 936
27 937
27 938
27 939
27 940
27 941
27 942
28 943
28 944
28 945
28 946
28 947
28 948
28 949
28 950
28 951
28 952
28 953
28 954
28 955
28 956
28 957
28 958
28 959
28 960
28 961
28 962
28 963
28 964
28 965
28 966
28 967
28 968
28 969
28 970
28 971
28 972
28 973
28 974
28 975
28 976
28 977
28 978
28 979
28 980
28 981
28 982
28 983
28 984
28 985
28 986
28 987
28 988
28 989
28 990
28 987
28 991
28 992
28 993
28 994
28 995
28 996
28 997
28 998
28 999
28 1000
28 1001
28 1002
28 1003
28 1004
28 1005
28 1006
28 1007
28 1008
28 1009
28 188
28 1010
28 1011
28 1012
28 1013
28 1014
28 1015
28 1016
28 1017
28 1018
28 1019
28 1020
28 1021
28 1022
28 1023
28 1024
28 1025
28 1026
28 1027
28 1028
28 1029
28 1030
28 1031
28 1032
28 1033
29 1034
29 1035
29 1036
29 1037
29 1038
29 1039
29 1040
29 1041
29 1042
29 1043
29 1044
29 1045
29 1046
29 1047
29 1048
29 1049
29 1050
29 1051
29 1052
29 1053
29 1054
29 1055
29 1056
29 1057
29 1058
29 1059
29 1060
29 1061
29 1062
29 1063
29 1064
29 1065
29 1066
29 1067
29 1068
29 1069
29 1070
29 1071
29 1072
29 1073
29 1074
29 1075
29 1076
29 1077
29 1078
29 1079
29 1080
29 1081
30 1082
30 1083
30 1084
30 1085
30 1086
30 1087
30 1088
30 1089
30 1090
30 1091
30 1092
30 1093
30 1094
30 1095
30 1096
30 1097
30 1098
30 1099
30 1100
30 1101
30 1102
30 1103
30 1104
30 1105
30 1106
30 1107
30 1108
30 1109
30 1110
30 1111
30 1112
30 1113
30 1114
30 1115
30 1116
30 1117
30 1118
30 1119
30 1120
30 1121
30 1122
30 1123
30 1124
30 1125
30 1126
30 1127
30 1128
30 1129
30 1130
30 1131
30 1132
30 1133
30 1134
30 1135
30 1136
30 1137
30 1138
30 1139
30 1140
30 1141
30 1142
30 1077
30 1143
30 1144
30 1145
30 1146
30 1147
30 1148
30 1149
30 1150
30 1151
30 1152
30 1153
30 1154
30 1155
30 1156
30 1157
30 1158
30 1159
30 1160
30 1161
30 1162
30 1163
30 1164
30 1165
30 1166
30 1167
30 1168
30 1169
30 1170
30 1171
30 1172
30 1173
30 1174
30 1175
30 1176
30 1177
30 1178
30 1179
30 1180
30 1181
30 1182
30 1183
30 1184
30 1185
30 1186
30 1187
30 1188
30 1189
30 1190
30 1191
30 1192
30 1193
30 1194
30 1195
30 1196
30 1197
30 1198
30 1199
30 1200
30 1201
30 1202
30 1203
30 774
30 1204
30 1205
30 1206
30 1207
30 1208
30 1209
30 1210
30 1211
30 1212
30 1213
30 1214
30 1215
30 1216
30 1217
30 1218
30 1219
30 1220
30 1221
30 1222
30 1223
30 1224
30 1225
30 1226
30 1227
30 1228
30 1229
30 1230
30 1231
30 1232
30 1233
30 1234
30 1235
30 1236
30 1237
30 1238
30 1239
30 1240
30 1241
30 1242
30 1243
30 1244
30 1245
30 1246
30 1247
30 1248
30 1249
30 1250
30 1251
30 1252
30 1253
30 1254
30 1255
30 1256
30 1257
30 1258
30 1259
30 1260
30 1261
30 1262
30 1263
30 1264
30 1265
30 1266
30 1267
30 1268
30 1269
30 1270
30 1271
30 1272
30 1273
30 1274
30 1275
30 1276
30 1277
30 1278
30 1279
30 1280
30 1281
30 1282
30 1283
30 1284
30 1285
30 1286
30 1287
30 1288
30 1289
30 1290
30 1291
30 758
30 1292
30 1293
30 1294
30 1295
30 1296
30 1297
30 1298
30 1299
30 1300
30 1301
30 1302
30 1303
30 1304
30 1305
30 1306
30 1307
30 1308
30 1309
30 1310
30 1311
30 1312
30 1313
30 1314
30 1315
30 1316
30 1317
30 1318
30 1319
30 1320
30 1321
30 1322
30 1323
30 1324
30 1325
30 1326
30 1327
30 1328
30 1328
30 1329
30 1330
30 1331
30 1332
30 1333
30 1334
30 1335
30 1336
30 1337
30 1338
30 1339
30 1340
30 1341
30 1342
30 1343
30 1344
30 1345
30 1346
30 1347
30 1348
30 1349
30 1350
30 1351
30 1352
30 1353
30 1354
30 1355
30 1356
30 1357
30 1358
30 1359
30 1360
30 1361
30 1362
30 1363
30 1364
30 1365
30 1366
30 1367
30 1368
30 1369
30 1370
30 1371
30 1372
30 1373
30 1374
30 1375
30 1376
30 1377
30 1378
30 1379
30 1380
30 1381
30 1382
30 1383
30 1384
30 1385
30 1386
30 1387
30 1388
30 1389
30 1390
30 1391
30 1392
30 1393
30 1394
30 1395
30 1396
30 1397
30 1398
30 1399
30 1400
30 1401
30 1402
30 1403
30 1404
30 1405
30 1406
30 1407
30 1408
30 1409
30 1410
30 1411
30 1412
30 1413
30 1414
30 49
30 1415
30 1416
30 1417
30 1418
30 1419
30 1420
30 1421
30 1422
30 1423
30 1424
30 1425
30 1426
30 1427
30 1428
30 1429
30 1430
30 1431
30 1432
30 1433
30 1434
30 1435
30 1436
30 1437
30 1438
30 1439
30 1440
30 1441
30 1442
30 1443
30 1444
30 1445
30 1446
30 1447
30 1448
30 1449
30 1450
30 1451
30 1452
30 1453
30 1454
30 1455
30 1456
31 1457
31 1458
31 1459
31 1460
31 1461
31 1462
31 1463
31 1464
31 1465
31 1466
31 1467
31 1468
31 1469
31 1470
31 1471
31 1472
31 1473
32 1474
32 1475
32 1476
32 1477
32 1478
32 1479
32 1480
32 1481
33 1482
33 1483
33 1484
33 1485
33 1486
33 1487
33 1488
33 1489
33 1490
33 1491
33 1492
33 1493
33 1494
33 1495
33 1496
33 1497
33 1498
33 1499
33 1500
33 1501
33 1502
34 1503
34 1504
34 1505
34 1506
34 1507
34 1508
34 1509
34 1510
34 1511
34 1512
34 1513
34 1514
34 1515
34 1516
34 1517
34 1518
34 1519
34 1520
34 1521
34 1522
34 1523
34 1524
34 1525
34 1526
34 1527
34 1528
34 1529
34 1530
34 1531
34 1532
34 1533
34 1534
34 1535
34 1536
34 1537
34 1538
34 1539
34 1540
34 1541
34 1542
34 1543
34 1544
34 1545
34 1546
34 1547
34 1548
34 1549
34 1550
34 1551
34 1552
34 1553
34 1554
34 1555
34 1556
34 1557
34 1558
34 1559
34 1560
34 1561
34 1562
34 1563
34 1564
34 1565
34 1566
34 1567
34 1568
34 1569
34 1570
34 1571
34 1572
34 1573
34 1574
34 1575
34 1576
34 1577
34 1578
34 1579
34 1580
34 1581
34 1582
34 1583
34 1584
34 1585
34 1586
34 1587
34 1588
34 1589
34 1590
34 1591
34 1592
34 1593
34 1594
34 1595
34 1596
34 1597
34 1598
34 1599
34 1600
34 1601
34 1602
34 1603
34 1604
34 1605
34 1606
34 1607
34 1608
34 1609
34 1610
34 1611
34 1612
34 1613
34 1614
34 1615
34 1616
34 1617
34 1618
34 1619
34 1620
34 1621
34 1622
34 1623
34 1624
34 1625
34 1626
34 1627
34 1628
34 1629
34 1630
34 1631
34 1632
34 1633
34 1634
34 1635
34 1636
34 1637
34 1638
34 1639
34 1640
34 1641
34 1642
34 1643
34 1644
34 1645
34 1646
34 1647
34 1648
34 1649
34 1650
34 1651
34 1652
34 1653
34 1654
34 1655
34 1656
34 1657
34 1658
34 1659
34 1660
34 1661
34 1662
34 1663
34 1664
34 1665
34 1666
34 1667
34 1668
34 1669
34 1670
34 1671
34 1672
34 1673
34 1674
34 1675
34 1676
34 1677
34 1678
34 1679
34 1680
34 1681
34 1682
34 1683
34 1684
34 1685
34 1686
34 1687
34 1688
34 1689
34 1690
34 1691
34 1692
34 1693
34 1694
34 1695
34 1696
34 1697
34 1698
34 1699
34 1700
34 1701
34 1702
34 1703
34 1704
34 1705
34 1706
34 1707
34 1708
34 1709
34 1710
34 1711
34 1712
34 1713
34 1714
34 1715
34 1716
34 1717
34 1718
34 1719
34 1720
34 1721
34 1722
34 1723
34 1724
34 1725
34 1726
34 1727
34 1728
34 1729
34 1730
34 1731
34 1732
34 1733
34 1734
34 1735
34 1736
34 1737
34 1738
34 1739
34 1740
34 1741
34 1742
34 1743
34 1744
34 1745
34 1746
34 1747
34 1748
34 1749
34 1750
34 1751
34 1752
34 1753
34 1754
34 1755
34 1756
34 1757
34 1758
34 1759
34 1760
34 1761
34 1762
34 1763
34 1764
34 1765
34 1766
34 1767
34 1768
34 1769
34 1770
34 1771
34 1772
34 1773
34 1774
34 1775
34 1776
34 1777
34 1778
34 1779
34 1780
34 1781
34 1782
34 1783
34 1784
34 1785
34 1786
34 1787
34 1788
34 1789
34 1790
34 1791
34 1792
34 1793
34 1794
34 1795
34 1796
34 1797
34 1798
34 1799
34 1800
34 1801
34 1802
34 1803
34 1804
34 1805
34 1806
34 1807
34 1808
34 1809
34 1810
34 1811
34 1812
34 1813
34 1814
34 1815
34 1816
34 1817
34 1818
34 1819
34 1820
34 1821
34 1822
34 1823
34 1824
34 1825
34 1826
34 1827
34 1828
34 1829
34 1830
34 1831
34 1832
34 1833
34 1834
34 1835
34 1836
34 1837
34 1838
34 1839
34 1840
34 1841
34 1842
34 1843
34 1844
34 1845
34 1846
34 1847
34 1848
34 1849
34 1850
34 1851
34 1852
34 1853
34 1854
34 1855
34 1856
34 1857
34 1858
35 1859
35 1860
35 1861
35 1862
35 1863
35 1864
35 1865
35 1866
35 1867
35 1868
36 1869
36 1870
36 1871
36 1872
36 1873
36 1874
36 1875
36 1876
36 1877
36 1878
36 1879
36 1880
36 1881
36 1882
36 1883
37 1884
37 1885
37 1886
37 1887
37 1888
37 1889
37 1890
37 1891
37 1892
37 1893
37 1894
38 1895
38 1896
38 1897
38 1474
38 1898
38 1899
38 1900
39 1901
39 1902
39 1903
39 1904
39 1905
39 1906
39 1907
39 1908
39 1909
40 1910
40 1911
40 1912
40 1913
40 1914
40 1915
40 1916
40 1917
40 1918
40 1919
40 1920
40 1921
40 1922
40 1923
41 1924
41 1925
41 1926
41 1927
41 1928
41 1929
41 1930
41 1931
41 1932
41 1933
41 1934
41 1935
41 1936
41 1937
41 1938
41 1465
42 1939
42 49
42 1940
42 1941
42 1942
42 1943
42 1944
42 1945
42 1946
42 1947
42 1948
42 1949
42 1950
42 1951
42 1952
42 1953
42 1202
42 1954
42 1955
43 1956
43 1957
43 1958
43 1959
43 1960
43 1961
43 287
43 1962
43 1963
43 1964
43 1965
43 1965
43 1966
43 1967
43 1968
43 1969
43 1970
43 1971
43 1972
43 1973
43 1974
43 1975
43 1976
43 1977
44 1978
44 1979
44 1980
44 1981
44 1982
44 1983
44 1984
44 1985
44 1986
44 1987
44 1988
44 1989
44 1990
44 1991
44 1992
44 1993
44 1994
44 1995
44 1996
44 1997
44 1998
44 1999
44 2000